   1.0000000e+00   0.0000000e+00
   2.0000000e+00   9.2165899e-03
   3.0000000e+00   3.9170507e-02
   4.0000000e+00   4.1474654e-02
   5.0000000e+00   5.9907834e-02
   6.0000000e+00   7.3732719e-02
   7.0000000e+00   8.7557604e-02
   8.0000000e+00   1.0138249e-01
   9.0000000e+00   1.2672811e-01
   1.0000000e+01   1.4516129e-01
   1.1000000e+01   1.5207373e-01
   1.2000000e+01   1.8202765e-01
   1.3000000e+01   2.1428571e-01
   1.4000000e+01   2.3041475e-01
   1.5000000e+01   2.5806452e-01
   1.6000000e+01   2.6497696e-01
   1.7000000e+01   2.8571429e-01
   1.8000000e+01   3.0184332e-01
   1.9000000e+01   3.2718894e-01
   2.0000000e+01   3.5714286e-01
   2.1000000e+01   3.8940092e-01
   2.2000000e+01   4.0322581e-01
   2.3000000e+01   4.0783410e-01
   2.4000000e+01   4.1013825e-01
   2.5000000e+01   4.0783410e-01
   2.6000000e+01   4.0552995e-01
   2.7000000e+01   3.8940092e-01
   2.8000000e+01   3.5253456e-01
   2.9000000e+01   3.0645161e-01
   3.0000000e+01   2.9723502e-01
   3.1000000e+01   2.9493088e-01
   3.2000000e+01   2.6036866e-01
   3.3000000e+01   2.4654378e-01
   3.4000000e+01   1.9354839e-01
   3.5000000e+01   1.6129032e-01
   3.6000000e+01   1.2442396e-01
   3.7000000e+01   9.6774194e-02
   3.8000000e+01   5.5299539e-02
   3.9000000e+01   1.3824885e-02
   4.0000000e+01  -4.6082949e-03
   4.1000000e+01  -6.9124424e-03
   4.2000000e+01  -9.2165899e-03
   4.3000000e+01  -1.1520737e-02
   4.4000000e+01  -1.3824885e-02
   4.5000000e+01  -6.9124424e-03
   4.6000000e+01  -4.6082949e-03
   4.7000000e+01   0.0000000e+00
   4.8000000e+01   1.6129032e-02
   4.9000000e+01   4.1474654e-02
   5.0000000e+01   7.8341014e-02
   5.1000000e+01   9.6774194e-02
   5.2000000e+01   1.3824885e-01
   5.3000000e+01   1.7972350e-01
   5.4000000e+01   2.4193548e-01
   5.5000000e+01   2.9723502e-01
   5.6000000e+01   3.7096774e-01
   5.7000000e+01   4.6313364e-01
   5.8000000e+01   5.2995392e-01
   5.9000000e+01   5.9216590e-01
   6.0000000e+01   6.7972350e-01
   6.1000000e+01   7.3271889e-01
